38-16-0.5-10000
0 249.44815076239766
1 97.0300990099009
2 363.0108489970689
3 0.0
40-14-0.5-10000
0 390.4170739683448
1 1144.199758380439
2 97.0300990099009
3 249.44815076239766
40-16-0.5-50000
0 240.94399689564483
1 79.87126993652973
2 97.0300990099009
3 907.2256573031183
38-16-0.5-50000
0 207.99328267757068
1 907.2256573031183
2 191.47182357921193
3 97.0300990099009
38-14-0.5-100000
0 1554.199193197286
1 97.0300990099009
2 646.0849622630844
38-16-0.1-50000
0 363.0108489970689
1 249.44815076239766
2 1004.812562698524
3 97.0300990099009
38-16-0.1-100000
0 97.0300990099009
1 1604.186611971194
2 148.63200512295086
3 443.3501405705294
38-14-0.1-50000
0 219.2035760789654
1 156.15109348436783
2 97.0300990099009
3 49.027687486295285
42-16-0.1-50000
0 796.9658139280958
1 97.0300990099009
2 336.303954024609
3 567.9932904741431
42-16-0.5-100000
0 3201.6599999999985
1 669.410461681455
2 907.2256573031183
42-14-0.1-100000
0 1554.199193197286
1 97.0300990099009
2 148.63200512295086
3 516.0518018525487
42-14-0.1-10000
0 97.0300990099009
1 79.64566807271684
38-16-0.1-10000
0 79.64566807271684
1 97.0300990099009
42-16-0.1-100000
0 148.63200512295086
1 516.0518018525487
2 1554.199193197286
3 97.0300990099009
40-14-0.1-50000
0 1144.199758380439
1 390.4170739683448
2 249.44815076239766
3 97.0300990099009
40-16-0.5-100000
0 907.2256573031183
1 97.0300990099009
2 540.6091128516034
40-16-0.5-10000
0 390.4170739683448
1 336.303954024609
2 97.0300990099009
3 968.3728189105507
40-14-0.1-100000
0 605.7655301224353
1 97.0300990099009
2 123.42304863262859
3 422.52493956098107
38-16-0.5-100000
0 97.0300990099009
1 907.2256573031183
2 540.6091128516034
40-14-0.5-100000
0 1554.199193197286
1 646.0849622630844
2 97.0300990099009
40-14-0.5-50000
0 627.488127581466
1 1243.0326731609605
2 97.0300990099009
40-16-0.1-50000
0 122.24621655567871
1 176.37224237705948
2 97.0300990099009
40-16-0.1-10000
0 97.0300990099009
1 79.64566807271684
40-14-0.1-10000
0 97.0300990099009
1 79.64566807271684
42-14-0.5-50000
0 646.0849622630844
1 1554.199193197286
2 97.0300990099009
42-16-0.1-10000
0 0.0
1 79.64566807271684
38-14-0.5-10000
0 97.0300990099009
1 249.44815076239766
2 390.4170739683448
3 1144.199758380439
42-14-0.5-10000
0 337.70142409461727
1 97.0300990099009
2 426.97633911756975
3 1447.3262039480305
42-16-0.5-10000
0 309.5498163416389
1 97.0300990099009
2 636.6698358496142
3 968.3728189105507
38-14-0.1-100000
0 422.52493956098107
1 97.0300990099009
2 148.63200512295086
3 907.2256573031183
42-16-0.5-50000
0 79.87126993652973
1 240.94399689564483
2 907.2256573031183
3 97.0300990099009
42-14-0.1-50000
0 1447.3262039480305
1 426.97633911756975
2 97.0300990099009
3 337.70142409461727
38-14-0.1-10000
0 79.64566807271684
1 0.0
38-14-0.5-50000
0 540.6091128516034
1 907.2256573031183
2 97.0300990099009
42-14-0.5-100000
0 540.6091128516034
1 907.2256573031183
2 97.0300990099009
40-16-0.1-100000
0 443.3501405705294
1 568.5857865488847
2 97.0300990099009
3 123.42304863262859
